toshi@toshi-X555UB:~/navigation/SLAM$ sudo python3 scan.py
Connecting to radio://0/30/2M/E7E7E7E7E3
Connected to radio://0/30/2M/E7E7E7E7E3

move forward
[ 0. 20.  0.]
predict
 [[100.01592653]
 [ 19.99999366]
 [  0.        ]]
[7, 8, 9]
novo marcador 7
[7, 8, 9]
novo marcador 8
[7, 8, 9]
novo marcador 9
update
 [[ 100.01592653]
 [  19.99999366]
 [   0.        ]
 [ 199.12915792]
 [  97.6935701 ]
 [-191.82923501]
 [ 196.01989214]
 [  48.78686935]
 [-193.15843098]
 [ 190.54121886]
 [  -1.49292833]
 [-187.30294417]]
P[0][0] 0.001592653421466527
P[1][1] 1.9999993658636694
P[2][2] 1.0
P[3][3] 5.001592653421467
P[4][4] 6.999999365863669
P[5][5] 9.0
P[6][6] 5.001592653421467
P[7][7] 6.999999365863669
P[8][8] 9.0
P[9][9] 5.001592653421467
P[10][10] 6.999999365863669
P[11][11] 9.0


move forward
[ 0. 20.  0.]
predict
 [[ 100.03185307]
 [  39.99998732]
 [   0.        ]
 [ 199.12915792]
 [  97.6935701 ]
 [-191.82923501]
 [ 196.01989214]
 [  48.78686935]
 [-193.15843098]
 [ 190.54121886]
 [  -1.49292833]
 [-187.30294417]]
[8, 7, 9]
x_marker 196.01989213820232
y_marker 48.786869351747484
x 100.03185306842934
y 39.99998731727339
Z:  [[ 94.94100534]
 [  5.4978578 ]
 [-17.86158984]]
Z_pred [[96.3893818859112], [5.187363660925911], [-13.15843097616306]]
[8, 7, 9]
x_marker 199.12939503919054
y_marker 97.72111981022475
x 100.03206825010825
y 39.701301700382665
Z:  [[117.30331653]
 [ 30.49450449]
 [-12.62387523]]
Z_pred [[114.83283271887586], [30.37447584197615], [-11.815223028082755]]
[8, 7, 9]
x_marker 190.5079255317896
y_marker -1.4353256517181157
x 100.03194581130975
y 39.81658809099042
Z:  [[100.02226011]
 [-24.77778966]
 [-11.17485926]]
Z_pred [[99.43652897108056], [-24.31440419011247], [-7.345662335455302]]
update
 [[ 1.00031849e+02]
 [ 3.98384001e+01]
 [-6.63491678e-02]
 [ 2.00344757e+02]
 [ 9.78798477e+01]
 [-1.91672263e+02]
 [ 1.95199951e+02]
 [ 4.88182239e+01]
 [-1.93458533e+02]
 [ 1.90811627e+02]
 [-1.39806296e+00]
 [-1.87319004e+02]]
P[0][0] 0.003184732684395824
P[1][1] 3.37356783918354
P[2][2] 0.7750281126120853
P[3][3] 2.905064031547595
P[4][4] 5.414782660150685
P[5][5] 2.764866234806109
P[6][6] 2.549148978682389
P[7][7] 4.848037920724771
P[8][8] 3.2483701031440604
P[9][9] 2.84726549686071
P[10][10] 5.027014973282158
P[11][11] 3.087465921591463


move forward
[ 0. 20.  0.]
predict
 [[ 1.00070924e+02]
 [ 5.98383619e+01]
 [-6.63491678e-02]
 [ 2.00344757e+02]
 [ 9.78798477e+01]
 [-1.91672263e+02]
 [ 1.95199951e+02]
 [ 4.88182239e+01]
 [-1.93458533e+02]
 [ 1.90811627e+02]
 [-1.39806296e+00]
 [-1.87319004e+02]]
[8, 9, 7]
x_marker 195.19995099047858
y_marker 48.8182239058086
x 100.07092374203314
y 59.83836187963105
Z:  [[92.1150236 ]
 [-3.45984075]
 [ 7.72111193]]
Z_pred [[95.7652090594364], [-6.499277937118052], [-13.3921835145143]]
[8, 9, 7]
x_marker 190.54492742216036
y_marker -1.7123772826788506
x 100.07329305397134
y 57.38880188596046
Z:  [[104.59998892]
 [-31.59064932]
 [ -6.60627632]]
Z_pred [[108.06510076974381], [-32.69401242915495], [-6.951591102003988]]
[8, 9, 7]
x_marker 200.20090811744606
y_marker 97.06344198305122
x 100.07460231841652
y 57.30948819674435
Z:  [[109.11104102]
 [ 24.34368508]
 [-11.41545403]]
Z_pred [[107.72954077041543], [22.6710025415299], [-10.890868717564985]]
update
 [[ 100.0737037 ]
 [  57.58406191]
 [  -1.38736402]
 [ 200.83616337]
 [  96.68353963]
 [-192.4215307 ]
 [ 193.37793658]
 [  48.17082006]
 [-194.42677679]
 [ 189.52007528]
 [  -1.00978892]
 [-187.14478825]]
P[0][0] 0.007085667997035515
P[1][1] 2.9062939706608777
P[2][2] 0.844706059513081
P[3][3] 1.8160116348002024
P[4][4] 4.735367034231101
P[5][5] 1.4771731796943257
P[6][6] 1.357593191857195
P[7][7] 3.9219822057169194
P[8][8] 2.175798384807068
P[9][9] 2.1240457783982767
P[10][10] 4.423883351084862
P[11][11] 1.9871768372318892


move forward
[ 0. 20.  0.]
predict
 [[ 100.57361405]
 [  77.57781317]
 [  -1.38736402]
 [ 200.83616337]
 [  96.68353963]
 [-192.4215307 ]
 [ 193.37793658]
 [  48.17082006]
 [-194.42677679]
 [ 189.52007528]
 [  -1.00978892]
 [-187.14478825]]
[8, 9, 7, 6]
x_marker 193.3779365793236
y_marker 48.17082006080054
x 100.57361405351179
y 77.57781317194917
Z:  [[ 97.2336514 ]
 [-12.93208213]
 [ -5.93896122]]
Z_pred [[97.3520083167987], [-16.157800040309098], [-13.039412762895779]]
[8, 9, 7, 6]
x_marker 189.04160390749433
y_marker -1.217083778602344
x 100.57410744548928
y 76.09735319711031
Z:  [[117.23286871]
 [-38.12748712]
 [ -6.73356789]]
Z_pred [[117.49051065990956], [-39.20425968926247], [-5.188372025265579]]
[8, 9, 7, 6]
x_marker 200.67785534011531
y_marker 96.86070619023454
x 100.57533992567113
y 76.20414279206895
Z:  [[101.65215267]
 [ 15.96150021]
 [-13.85468762]]
Z_pred [[102.21158057539992], [13.751108014485155], [-10.87329616960551]]
[8, 9, 7, 6]
novo marcador 6
update
 [[ 100.56349396]
 [  76.43108938]
 [  -2.65301301]
 [ 200.61597661]
 [  96.67310996]
 [-193.48089033]
 [ 193.37823112]
 [  47.11345889]
 [-194.83250013]
 [ 188.73577949]
 [  -1.08358854]
 [-187.11434197]
 [ 150.21146121]
 [ 133.37640355]
 [ -95.59893438]]
P[0][0] 0.056262892489584035
P[1][1] 0.2554391847082391
P[2][2] 0.686271678883305
P[3][3] 1.175261223263966
P[4][4] 3.1215767753703285
P[5][5] 0.5673786115071847
P[6][6] 0.20886434220464672
P[7][7] 2.8906518951621614
P[8][8] 1.5397337547900383
P[9][9] 1.622326809606201
P[10][10] 3.6453260997956773
P[11][11] 1.4217825225471186
P[12][12] 5.045561187835305
P[13][13] 5.266140889362518
P[14][14] 8.686271678883305


move forward
[ 0. 20.  0.]
predict
 [[ 101.50467952]
 [  96.40893135]
 [  -2.65301301]
 [ 200.61597661]
 [  96.67310996]
 [-193.48089033]
 [ 193.37823112]
 [  47.11345889]
 [-194.83250013]
 [ 188.73577949]
 [  -1.08358854]
 [-187.11434197]
 [ 150.21146121]
 [ 133.37640355]
 [ -95.59893438]]
[7, 8, 9, 6]
x_marker 200.61597661309045
y_marker 96.67310995593985
x 101.504679524062
y 96.40893134636698
Z:  [[95.48262639]
 [ 5.40267152]
 [13.76502133]]
Z_pred [[99.11164916904276], [2.760161230985645], [-10.827877318127435]]
[7, 8, 9, 6]
x_marker 193.01110374803883
y_marker 47.31834075333098
x 101.46814726339176
y 97.36907874317944
Z:  [[ 99.89948604]
 [-23.52746101]
 [ -5.68009367]]
Z_pred [[104.33211037489104], [-24.88582990330795], [-11.0820306106246]]
[7, 8, 9, 6]
x_marker 188.24440577560532
y_marker -1.702692871388191
x 101.5367239836887
y 94.13486086748873
Z:  [[128.48181267]
 [-45.37479561]
 [ -8.00714375]]
Z_pred [[129.2403140988925], [-44.476924035801574], [-4.1467133726324334]]
[7, 8, 9, 6]
x_marker 150.1951205745097
y_marker 135.71068986397606
x 101.51729281766481
y 96.03259763175392
Z:  [[61.79122293]
 [41.81332958]
 [87.98568489]]
Z_pred [[62.80033374364969], [42.944093282127106], [87.14401273419386]]
update
 [[ 101.54995167]
 [  94.44710349]
 [  -3.43099471]
 [ 200.15134687]
 [  94.38806794]
 [-193.69439588]
 [ 192.21615171]
 [  47.21315031]
 [-195.55275384]
 [ 188.57220778]
 [  -1.722958  ]
 [-186.90650346]
 [ 149.28926107]
 [ 135.60287767]
 [ -96.52493707]]
P[0][0] 0.1390940972727331
P[1][1] -32.050712479515724
P[2][2] -1.3003459577637964
P[3][3] 0.38008494483781347
P[4][4] -17.47790726661181
P[5][5] -3.7704106691150696
P[6][6] -13.600928822569982
P[7][7] -3.0669288965343022
P[8][8] -2.31930138885595
P[9][9] 0.1509702648385513
P[10][10] 0.25939611611103186
P[11][11] -1.3431513226328848
P[12][12] 2.2053356612724495
P[13][13] -2.817296125078153
P[14][14] 1.4297802389425225


move forward
[  0   0 -45]
predict
 [[ 101.54995167]
 [  94.44710349]
 [  41.56900529]
 [ 200.15134687]
 [  94.38806794]
 [-193.69439588]
 [ 192.21615171]
 [  47.21315031]
 [-195.55275384]
 [ 188.57220778]
 [  -1.722958  ]
 [-186.90650346]
 [ 149.28926107]
 [ 135.60287767]
 [ -96.52493707]]
[6, 7, 5]
x_marker 149.2892610697675
y_marker 135.60287767468554
x 101.54995167318187
y 94.44710349031755
Z:  [[64.51342955]
 [-2.89207766]
 [41.71348605]]
Z_pred [[63.030464145344986], [-0.8295488685833163], [41.90605764060081]]
[6, 7, 5]
x_marker 200.51566081461323
y_marker 92.26795078757597
x 101.50115095785577
y 96.68661871229985
Z:  [[ 98.51041348]
 [-38.32699457]
 [-55.17259867]]
Z_pred [[99.11305559008309], [-42.1366199371395], [-53.9092632600927]]
[6, 7, 5]
novo marcador 5
update
 [[ 101.53189254]
 [  95.90210793]
 [  36.65124846]
 [ 200.43956019]
 [  92.15753787]
 [-196.50395958]
 [ 191.22243586]
 [  44.04876906]
 [-196.02684375]
 [ 185.51188172]
 [  -1.55546188]
 [-190.15183547]
 [ 149.38505706]
 [ 137.96842633]
 [ -93.84136965]
 [ 106.55797252]
 [ 144.67347223]
 [-104.61060499]]
P[0][0] 0.1260243853702586
P[1][1] -83.96447181202109
P[2][2] -4.821575615068263
P[3][3] 0.12242388654327627
P[4][4] -43.43669590925955
P[5][5] -5.1178967691888015
P[6][6] -37.172077003750935
P[7][7] -6.184974406135943
P[8][8] -8.58659240252312
P[9][9] 2.812667811311103
P[10][10] -5.090948874145694
P[11][11] 1.025062908250777
P[12][12] -2.506341397760815
P[13][13] -15.944487521593414
P[14][14] -3.6886219744278126
P[15][15] 3.3458742758660858
P[16][16] -77.18432170251691
P[17][17] 3.178424384931737


move forward
[  0   0 -45]
predict
 [[ 101.53189254]
 [  95.90210793]
 [  81.65124846]
 [ 200.43956019]
 [  92.15753787]
 [-196.50395958]
 [ 191.22243586]
 [  44.04876906]
 [-196.02684375]
 [ 185.51188172]
 [  -1.55546188]
 [-190.15183547]
 [ 149.38505706]
 [ 137.96842633]
 [ -93.84136965]
 [ 106.55797252]
 [ 144.67347223]
 [-104.61060499]]
[5, 6, 4]
x_marker 106.5579725204008
y_marker 144.67347222646043
x 101.53189253749719
y 95.90210793058749
Z:  [[ 51.78040591]
 [  2.84789406]
 [-12.03002591]]
Z_pred [[49.029658934927284], [2.461983014449885], [-6.26185344997333]]
[5, 6, 4]
x_marker 152.88287785230574
y_marker 142.1872225995792
x 101.40565520267198
y 102.73519324755284
Z:  [[ 65.79323432]
 [-45.17709999]
 [ -5.92943177]]
Z_pred [[64.8565114056647], [-42.524441760802375], [8.981930004365566]]
[5, 6, 4]
novo marcador 4
update
 [[  204.58285443]
 [-5596.72259516]
 [ 1158.80960558]
 [ -359.7828385 ]
 [ 4349.71843877]
 [-1961.2359546 ]
 [ 8080.69528357]
 [-6705.53625259]
 [ 4530.56213987]
 [  339.74553665]
 [-4559.12567892]
 [-1808.41863923]
 [-2057.32149607]
 [-2901.95025388]
 [-1825.67932231]
 [  -85.48070291]
 [-5060.32507792]
 [ -539.28315597]
 [  164.86893428]
 [-5529.72345645]
 [  969.83723078]]
P[0][0] -27.529786503806296
P[1][1] -84469.20502912128
P[2][2] -3028.6794114838954
P[3][3] -817.3970718028307
P[4][4] -47256.7740694834
P[5][5] -8107.027928636765
P[6][6] -162917.16091061366
P[7][7] -119283.95705565503
P[8][8] -58517.860453154164
P[9][9] -62.29200441397368
P[10][10] -54391.41837752853
P[11][11] -6826.450743004553
P[12][12] -12714.749176305613
P[13][13] -24116.771120362748
P[14][14] -7834.983768160486
P[15][15] -93.01768988655502
P[16][16] -70659.85752460203
P[17][17] -492.94425885320464
P[18][18] -27.321466097052355
P[19][19] -84459.41334952804
P[20][20] -3020.6794114838954


move forward
[  0   0 -45]
predict
 [[  204.58285443]
 [-5596.72259516]
 [ 1203.80960558]
 [ -359.7828385 ]
 [ 4349.71843877]
 [-1961.2359546 ]
 [ 8080.69528357]
 [-6705.53625259]
 [ 4530.56213987]
 [  339.74553665]
 [-4559.12567892]
 [-1808.41863923]
 [-2057.32149607]
 [-2901.95025388]
 [-1825.67932231]
 [  -85.48070291]
 [-5060.32507792]
 [ -539.28315597]
 [  164.86893428]
 [-5529.72345645]
 [  969.83723078]]
[3, 4]
novo marcador 3
[3, 4]
x_marker 164.86893427827442
y_marker -5529.723456453655
x 204.58285443012898
y -5596.722595155895
Z:  [[ 79.58803431]
 [ -3.56804584]
 [-52.2068374 ]]
Z_pred [[77.88504375468942], [-903.1365990178472], [-53.97237480189233]]
update
 [[   161.52614498]
 [ -3218.40749368]
 [   753.15595934]
 [  -125.68555272]
 [  2570.70868792]
 [ -1225.05506518]
 [ -8276.13493133]
 [ 15927.29301421]
 [-12980.08716273]
 [ -9076.99601287]
 [  9913.48505104]
 [  1268.27029454]
 [  2062.27981157]
 [ -3692.33419676]
 [  -946.13382642]
 [ -1930.28071894]
 [  1160.5562366 ]
 [ -3874.62114624]
 [   121.90332593]
 [ -3150.08008583]
 [   520.55823991]
 [   104.32929687]
 [ -5563.30155093]
 [  1073.47061729]]
P[0][0] 0.16718996383797677
P[1][1] 37.170704534859844
P[2][2] 1.9665405823169229
P[3][3] 1.3380970833913306
P[4][4] 26.478791094165118
P[5][5] -10.109425546250943
P[6][6] -1363112168.5758326
P[7][7] -3138209413.571873
P[8][8] -1929633975.3097289
P[9][9] -699274436.0275965
P[10][10] -1262821631.051076
P[11][11] -46135019.78041112
P[12][12] -81795616.86515164
P[13][13] -33963111.49372722
P[14][14] -194114.25878352518
P[15][15] -29634816.85134719
P[16][16] -131019197.86176307
P[17][17] -98947435.66199021
P[18][18] 0.3531118697731266
P[19][19] 52.034776041315304
P[20][20] 1.9788394890781507
P[21][21] 3.7020056587638437
P[22][22] 43.635888839933976
P[23][23] 9.966540582316924


move forward
[  0   0 -45]
predict
 [[   161.52614498]
 [ -3218.40749368]
 [   798.15595934]
 [  -125.68555272]
 [  2570.70868792]
 [ -1225.05506518]
 [ -8276.13493133]
 [ 15927.29301421]
 [-12980.08716273]
 [ -9076.99601287]
 [  9913.48505104]
 [  1268.27029454]
 [  2062.27981157]
 [ -3692.33419676]
 [  -946.13382642]
 [ -1930.28071894]
 [  1160.5562366 ]
 [ -3874.62114624]
 [   121.90332593]
 [ -3150.08008583]
 [   520.55823991]
 [   104.32929687]
 [ -5563.30155093]
 [  1073.47061729]]
[1, 2, 3]
novo marcador 1
[1, 2, 3]
novo marcador 2
[1, 2, 3]
x_marker 104.32929687413599
y_marker -5563.301550930138
x 161.52614498387535
y -3218.4074936759234
Z:  [[107.84615194]
 [ -8.72041171]
 [  7.28532903]]
Z_pred [[2345.5915286297864], [-529.553954339152], [455.3146579533943]]
update
 [[ 9.20874895e+01]
 [ 6.17162041e+02]
 [ 7.55810799e+02]
 [ 2.51849122e+02]
 [-2.98345794e+02]
 [ 6.46638156e+02]
 [-4.27586132e+07]
 [ 1.14957906e+08]
 [-1.26874527e+08]
 [-1.06624009e+08]
 [ 1.00750290e+08]
 [ 4.37495912e+07]
 [ 4.63534574e+07]
 [-5.49585112e+07]
 [-8.70940770e+06]
 [-1.55219630e+07]
 [ 9.85553331e+05]
 [-3.61097918e+06]
 [ 7.91919786e+06]
 [-6.04238224e+05]
 [ 7.38170971e+06]
 [ 5.91249073e+02]
 [-6.81004235e+02]
 [ 1.08411273e+03]
 [ 1.06391360e+02]
 [-3.08481968e+03]
 [ 6.05026142e+02]
 [ 1.53569119e+02]
 [-3.10288038e+03]
 [ 5.99334617e+02]]
P[0][0] 0.13402709635053195
P[1][1] -64.01267710870874
P[2][2] -1.5457920852017268
P[3][3] 0.35778770035280577
P[4][4] -30.13562856347148
P[5][5] -34.20397468263105
P[6][6] -4865577520.888345
P[7][7] -26888568573.213352
P[8][8] -30388778257.99128
P[9][9] -20622853437.651012
P[10][10] -19220646707.391693
P[11][11] -3379739413.259094
P[12][12] -3833104537.496439
P[13][13] -5281092239.209466
P[14][14] -131410460.1108405
P[15][15] -455786656.9830398
P[16][16] -160310941.06149077
P[17][17] -143376018.76166987
P[18][18] -108579369.97409412
P[19][19] -625909.4346516947
P[20][20] -94330945.83969742
P[21][21] 3.2139224688017793
P[22][22] -50.26397252156111
P[23][23] 1.5253122073984011
P[24][24] 3.4539158179085883
P[25][25] -57.3325658302668
P[26][26] 6.454207914798273
P[27][27] 3.4539158179085883
P[28][28] -57.3325658302668
P[29][29] 6.454207914798273


^CTraceback (most recent call last):
  File "scan.py", line 171, in <module>
    scan.explore_2()
  File "scan.py", line 146, in explore_2
    time.sleep(TIME_SLEEP)
KeyboardInterrupt
^CException ignored in: <module 'threading' from '/usr/lib/python3.5/threading.py'>
Traceback (most recent call last):
  File "/usr/lib/python3.5/threading.py", line 1288, in _shutdown
    t.join()
  File "/usr/lib/python3.5/threading.py", line 1054, in join
    self._wait_for_tstate_lock()
  File "/usr/lib/python3.5/threading.py", line 1070, in _wait_for_tstate_lock
    elif lock.acquire(block, timeout):
KeyboardInterrupt
FATAL: exception not rethrown
Abortado (imagem do núcleo gravada)

